57
93
66
87
99
52
35
19
52
7
5
31
33
56
91
1
13
54
6
52
100
86
17
41
14
99
75
8
55
61
56
90
2
89
43
41
82
47
97
85
63
38
96
19
68
68
15
27
11
98
62
79
71
27
47
30
14
79
28
96
27
7
99
8
13
3
56
13
69
42
97
78
36
64
34
22
1
35
77
42
36
48
54
24
59
59
34
20
4
18
13
82
19
9
8
17
55
66
54
57
74
83
96
51
99
68
35
99
27
15
92
22
97
50
1
20
44
56
69
39
11
6
43
57
30
82
97
80
36
42
50
67
95
7
47
5
4
28
84
39
78
0
97
49
37
70
52
70
20
26
45
86
90
89
83
42
30
3
40
38
59
49
86
18
71
44
92
73
50
12
76
93
2
85
11
80
17
21
8
26
38
92
63
72
63
12
13
95
68
67
53
48
6
7
77
17
56
100
9
51
93
83
8
9
65
1
92
18
44
7
55
46
49
24
71
3
76
9
83
71
97
10
66
38
26
24
1
35
40
35
47
92
15
9
52
77
93
96
81
15
75
0
53
8
37
62
17
97
41
66
39
89
92
1
67
29
54
64
66
44
54
21
75
30
89
96
43
34
37
0
28
61
44
10
25
26
36
62
70
55
99
73
38
35
77
8
28
34
83
8
98
42
21
7
57
36
80
15
87
53
7
15
44
3
25
49
5
43
93
34
36
85
75
11
78
4
29
86
85
80
24
47
32
17
9
29
39
5
80
5
84
48
18
10
3
22
65
79
26
3
25
86
13
95
53
89
45
100
78
15
86
44
53
23
24
54
37
71
28
91
0
79
47
20
13
100
18
54
58
23
40
41
77
36
77
82
15
90
52
1
70
42
93
80
0
58
7
96
14
74
11
44
73
80
23
80
74
47
93
34
18
36
61
51
27
28
21
94
76
100
54
28
98
59
84
10
40
5
37
47
89
43
43
11
81
12
76
90
95
32
13
100
62
77
9
82
77
71
19
17
38
54
16
5
10
16
38
51
53
42
69
2
93
14
2
45
81
14
56
58
11
12
78
91
11
79
88
6
63
69
72
10
46
19
31
40
26
56
30
0
72
76
74
2
62
80
47
79
77
21
45
61
27
58
16
9
87
61
61
4
52
62
13
90
54
76
4
44
65
51
1
75
69
33
85
25
79
13
45
47
71
74
76
33
8
86
54
45
44
3
57
56
27
29
15
2
93
63
74
91
16
81
73
5
12
40
17
53
3
86
84
73
57
100
6
46
53
19
10
45
55
39
86
64
42
96
35
76
7
94
73
70
76
67
86
99
79
66
84
95
41
77
30
80
62
89
88
51
25
21
56
61
43
80
35
42
68
90
77
46
9
87
65
26
90
31
68
51
2
35
63
13
49
2
54
57
66
87
36
59
50
78
71
1
24
100
5
79
7
89
54
14
74
10
71
20
35
9
1
23
0
95
35
65
67
9
34
5
25
51
87
27
12
36
81
73
42
21
65
51
11
7
59
50
73
39
98
48
54
72
70
20
63
72
72
42
10
53
60
55
94
88
69
55
51
76
10
83
20
66
13
36
61
11
88
21
56
55
78
20
76
23
64
43
66
34
86
27
37
100
94
49
29
86
31
29
84
90
30
44
45
15
7
5
24
73
56
98
71
74
23
73
0
43
60
5
20
57
93
61
67
44
14
26
15
31
38
18
42
51
2
38
2
71
71
69
4
34
99
3
34
62
4
76
18
16
66
85
47
45
35
98
1
34
38
41
100
11
55
97
57
45
97
28
48
63
51
11
80
32
28
19
53
42
61
62
3
20
12
35
90
34
12
36
41
34
8
19
86
18
40
43
92
63
7
46
99
34
74
47
19
41
93
78
72
19
46
87
63
18
4
21
39
64
77
46
71
87
68
31
71
36
41
80
87
13
79
0
18
93
77
11
34
28
38
45
26
88
75
24
16
80
24
2
16
61
84
82
28
89
25
21
63
22
39
9
3
99
16
25
53
67
32
62
0
93
33
6
46
7
67
91
13
11
11
31
40
65
60
25
78
6
71
78
18
55
46
6
68
55
29
46
71
28
68
17
24
34
72
26
94
16
0
76
98
50
36
67
16
77
88
67
50
3
88
1
42
93
31
90
76
21
23
89
82
6
38
62
55
95
91
55
23
50
86
8
93
2
15
44
37
51
90
57
1
97
97
86
9
95
96
51
72
56
3
93
28
68
10
71
24
28
13
54
35
0
11
54
20
98
13
25
37
59
12
9
63
52
100
66
